-0.000040
-0.000009
-0.000005
0.000106
0.000167
0.000022
0.000691
0.002371
0.002360
0.002355
0.002346
0.002336
0.002334
0.002331
0.002326
0.002329
0.002328
0.002329
0.002330
0.002320
0.002316
0.002303
0.002299
0.002326
0.002384
0.002383
0.002375
0.002376
0.002379
0.002379
0.002379
0.002369
0.002369
0.002375
0.002382
0.002383
0.002410
0.002445
0.002464
0.002451
0.002453
0.002453
0.002452
0.002458
0.002459
0.002462
0.002466
0.002465
0.002468
0.002458
0.002453
0.002443
0.002435
0.002431
0.002424
0.002409
0.002379
0.002345
0.002356
0.002427
0.002406
0.002391
0.002391
0.002382
0.002372
0.002347
0.002330
0.002322
0.002326
0.002337
0.002360
0.002363
0.002366
0.002362
0.002361
0.002366
0.002375
0.002387
0.002383
0.002377
0.002361
0.002360
0.002441
0.002443
0.002433
0.002412
0.002403
0.002389
0.002387
0.002397
0.002394
0.002387
0.002475
0.002518
0.002515
0.002520
0.002529
0.002542
0.002542
0.002547
0.002554
0.002562
0.002577
0.002589
0.002595
0.002594
0.002596
0.002602
0.002616
0.002628
0.002640
0.002641
0.002642
0.002636
0.002645
0.002648
0.002654
0.002642
0.002649
0.002661
0.002684
0.002704
0.002731
0.002750
0.002775
0.002789
0.002807
0.002833
0.002864
0.002868
0.002877
0.002878
0.002889
0.002902
0.002915
0.002915
0.002916
0.002886
0.002911
0.002997
0.003035
0.003041
0.003078
0.003127
0.003185
0.003268
0.003260
0.003261
0.003290
0.003335
0.003388
0.003426
0.003434
0.003430
0.003402
0.003420
0.003450
0.003464
0.003460
0.003473
0.003475
0.003475
0.003471
0.003472
0.003472
0.003470
0.003479
0.003490
0.003552
0.003563
0.003555
0.003541
0.003541
0.003551
0.003569
0.003580
0.003578
0.003584
0.003594
0.003613
0.003619
0.003609
0.003662
0.003671
0.003674
0.003672
0.003650
0.003622
0.003615
0.003644
0.003644
0.003632
0.003630
0.003627
0.003617
0.003610
0.003608
0.003648
0.003732
0.003713
0.003698
0.003711
0.003687
0.003685
0.003686
0.003692
0.003697
0.003753
0.003769
0.003715
0.003685
0.003665
0.003622
0.003556
0.003476
0.003460
0.003455
0.003452
0.003594
0.003652
0.003606
0.003661
0.003663
0.003641
0.003588
0.003600
0.003644
0.003639
0.003643
0.003636
0.003618
0.003595
0.003557
0.003532
0.003506
0.003501
0.003505
0.003483
0.003456
0.003429
0.003421
0.003483
0.003547
0.003529
0.003537
0.003537
0.003660
0.003698
0.003640
0.003584
0.003601
0.003638
0.003647
0.003650
0.003704
0.003699
0.003602
0.003544
0.003547
0.003549
0.003604
0.003626
0.003607
0.003581
0.003588
0.003590
0.003576
0.003580
0.003553
0.003572
0.003602
0.003656
0.003695
0.003571
0.003505
0.003498
0.003525
0.003552
0.003521
0.003501
0.003460
0.003443
0.003438
0.003447
0.003465
0.003486
0.003466
0.003447
0.003485
0.003503
0.003561
0.003660
0.003621
0.003572
0.003535
0.003516
0.003511
0.003513
0.003519
0.003513
0.003528
0.003553
0.003608
0.003638
0.003632
0.003624
0.003626
0.003631
0.003625
0.003627
0.003642
0.003687
0.003719
0.003709
0.003741
0.003823
0.003834
0.003797
0.003749
0.003706
0.003719
0.003770
0.003788
0.003813
0.003800
0.003806
0.003793
0.003769
0.003725
0.003698
0.003707
0.003702
0.003697
0.003692
0.003701
0.003720
0.003717
0.003718
0.003809
0.003841
0.003912
0.003940
0.003907
0.003852
0.003885
0.003833
0.003791
0.003802
0.003817
0.003825
0.003816
0.003808
0.003811
0.003835
0.003833
0.003830
0.003814
0.003810
0.003805
0.003775
