0.001774
0.001538
0.001541
0.004689
0.010496
0.014669
0.013991
0.012417
0.012410
0.012414
0.012424
0.012429
0.012432
0.012435
0.012441
0.012449
0.012451
0.012455
0.012461
0.012458
0.012451
0.012438
0.012421
0.012417
0.012405
0.012407
0.012407
0.012424
0.012437
0.012447
0.012450
0.012445
0.012442
0.012452
0.012461
0.012471
0.012489
0.012495
0.012515
0.012527
0.012525
0.012522
0.012525
0.012539
0.012549
0.012562
0.012573
0.012576
0.012578
0.012574
0.012576
0.012580
0.012594
0.012608
0.012613
0.012626
0.012630
0.012619
0.012611
0.012593
0.012598
0.012611
0.012620
0.012623
0.012620
0.012608
0.012606
0.012609
0.012619
0.012631
0.012639
0.012645
0.012640
0.012631
0.012635
0.012646
0.012658
0.012668
0.012672
0.012673
0.012667
0.012668
0.012645
0.012663
0.012678
0.012689
0.012692
0.012685
0.012684
0.012697
0.012713
0.012708
0.012699
0.012675
0.012666
0.012671
0.012688
0.012709
0.012716
0.012722
0.012720
0.012737
0.012771
0.012807
0.012858
0.012896
0.012927
0.012965
0.013018
0.013078
0.013137
0.013192
0.013222
0.013261
0.013323
0.013386
0.013449
0.013507
0.013552
0.013598
0.013682
0.013802
0.013941
0.014073
0.014213
0.014341
0.014495
0.014633
0.014764
0.014884
0.014988
0.015063
0.015125
0.015175
0.015215
0.015244
0.015248
0.015252
0.015265
0.015376
0.015784
0.016132
0.016386
0.016623
0.016846
0.017105
0.017341
0.017548
0.017747
0.017951
0.018149
0.018309
0.018433
0.018527
0.018575
0.018630
0.018695
0.018748
0.018791
0.018802
0.018817
0.018830
0.018859
0.018882
0.018883
0.018873
0.018865
0.018882
0.018898
0.018907
0.018902
0.018892
0.018903
0.018928
0.018950
0.018956
0.018946
0.018942
0.018955
0.018981
0.018990
0.018980
0.018955
0.018973
0.019023
0.019064
0.019070
0.019052
0.019020
0.018970
0.018958
0.018954
0.018932
0.018917
0.018915
0.018933
0.018935
0.018926
0.018901
0.018893
0.018916
0.018936
0.018934
0.018918
0.018918
0.018949
0.018982
0.018981
0.018965
0.018964
0.018985
0.019017
0.019033
0.019032
0.019036
0.019065
0.019102
0.019108
0.019049
0.019025
0.019059
0.019030
0.019008
0.018969
0.018960
0.018974
0.018995
0.019002
0.018988
0.018994
0.019015
0.019047
0.019058
0.019044
0.019044
0.019069
0.019103
0.019109
0.019091
0.019085
0.019098
0.019083
0.019026
0.019013
0.019004
0.019033
0.019032
0.019061
0.019075
0.019103
0.019142
0.019152
0.019122
0.019060
0.019029
0.019066
0.019083
0.019080
0.019062
0.019061
0.019072
0.019064
0.019032
0.018995
0.018994
0.019005
0.019021
0.019026
0.019033
0.019054
0.019098
0.019109
0.019103
0.019125
0.019165
0.019199
0.019185
0.019133
0.019138
0.019164
0.019170
0.019150
0.019135
0.019148
0.019167
0.019150
0.019120
0.019111
0.019130
0.019147
0.019128
0.019080
0.019068
0.019105
0.019123
0.019107
0.019083
0.019092
0.019122
0.019128
0.019106
0.019099
0.019120
0.019132
0.019117
0.019079
0.019075
0.019108
0.019128
0.019114
0.019103
0.019113
0.019141
0.019147
0.019104
0.019041
0.019072
0.019104
0.019103
0.019086
0.019091
0.019107
0.019106
0.019071
0.019068
0.019090
0.019116
0.019123
0.019108
0.019115
0.019150
0.019164
0.019151
0.019141
0.019162
0.019196
0.019198
0.019165
0.019132
0.019160
0.019162
0.019184
0.019197
0.019224
0.019244
0.019221
0.019186
0.019167
0.019192
0.019209
0.019201
0.019174
0.019170
0.019198
0.019193
0.019163
0.019149
0.019171
0.019190
0.019169
